523395
512161
524348
524208
523204
500002
500488
500410
532921
533096
500003
532683
532331
500710
533573
532480
532749
521070
500008
500425
520077
515055
532418
508869
500101
515030
523716
500477
533271
500820
532493
532830
506820
500027
524804
512573
532215
532977
533229
500031
500034
532978
500032
500490
502355
523319
500038
532134
532149
532525
500042
500043
506285
500048
509480
532430
500049
533228
500493
532454
534816
500103
500055
532523
500335
526612
500067
501425
500020
500530
500547
500825
532321
532792
511196
532483
532938
524742
513375
534804
532282
500870
519600
500878
532885
500040
532548
532443
500084
500085
500110
511243
500087
532210
506390
533288
517326
533278
500830
531344
506395
532179
533144
500092
500093
500480
532175
500096
533309
533151
533160
532772
523367
500645
532848
533137
532121
511072
507717
532839
532526
532488
532868
500124
505242
532927
532922
505200
500125
500840
522074
531162
532178
532700
533261
500495
500630
500135
531508
500086
505790
531599
500469
500144
500940
532809
500033
532843
533400
523574
536507
532155
532622
532345
532767
532309
500620
522275
532312
511676
507815
500676
500660
532296
501848
532754
500163
532424
500164
533150
538180
532482
500300
501455
526797
506076
511288
500690
500173
500171
532181
532702
539336
533248
538567
532708
533162
531531
517354
508486
500179
532281
500010
500180
532873
500292
500182
532129
500183
514043
500185
513599
500188
500440
500191
517174
500104
500187
532662
500696
532174
532835
500116
532822
532659
539437
505726
500106
532514
532636
533177
530005
535789
532832
532814
500850
521016
532612
532187
532777
500209
500210
532706
538835
502330
532388
530965
524494
532947
533033
500875
532940
532644
532705
512237
500219
532532
532627
533207
506943
514034
532617
532286
532209
500380
530007
523405
523398
533148
500228
533155
530019
535648
532926
500233
522287
500165
532652
532899
532714
533293
521248
500247
532400
530813
532997
531882
533519
526947
500252
534690
500510
500253
523457
500257
532368
500520
532720
524000
532756
533088
532313
531213
531642
524404
532500
532654
534091
532539
532819
513377
533286
524084
517334
532892
526299
500290
500109
500108
533398
532234
524816
508989
534309
500294
505355
500790
532798
533098
532541
523385
500307
513683
526371
500672
532555
533273
502165
533106
532880
500312
532466
535754
500315
500459
532827
534809
533179
532522
500680
503100
523642
500331
500302
532461
532254
532810
532898
522205
533274
500338
532524
533344
532693
532891
532689
532497
500339
531500
500355
500260
532370
524230
520111
533122
500330
532955
532805
500111
530517
500325
532712
533107
500390
532939
532915
535322
500366
532710
500113
500674
500112
534139
532900
538666
524552
530549
523598
532638
500387
532670
532498
511218
500550
523838
502742
532795
533206
500472
505192
532784
532725
532221
532218
523756
503806
536666
501061
532191
523363
532374
532531
524715
532872
532733
500403
506615
512179
509930
530239
532667
503310
517385
532276
539268
532890
500770
532301
500483
500408
500800
501301
500570
570001
500400
513010
500470
532371
532540
532755
533281
533326
500411
500413
522113
532966
500114
500420
532779
533540
500251
521064
533655
517506
504973
532515
532800
532343
509243
532505
532538
506690
532477
507878
533171
532478
532432
512070
532953
533269
532156
511431
502986
500295
511389
532401
524200
507880
500575
509966
533023
532144
514162
505533
500238
507685
532300
538268
511012
532648
505537
504067
531335
